     1      -31.4339696294  0.50
     2      -22.4219855179  0.50
     3      -20.0196802581  1.50
     4      -15.7471701762  0.50
     5      -12.2101545800  0.50
     6      -11.0270660249  1.50
     7       -8.2210423688  2.50
     8       -6.9768421782  0.50
     9       -4.4774734903  0.50
    10       -2.9348381295  0.50
    11       -2.1161592248  1.50
    12       -0.5978042482  1.50
    13        1.3880965672  2.50
    14        1.9414615060  0.50
    15        3.5949389161  1.50
    16        3.8061374628  0.50
    17        5.7037251844  0.50
    18        6.1562230139  0.50
    19        6.2276247153  1.50
    20        6.3780452761  1.50
    21        6.8285400077  0.50
    22        7.5787654069  2.50
    23        7.7845242962  2.50
    24        8.2033372762  0.50
    25        8.5295985654  1.50
    26        9.8687253162  1.50
    27       10.0104034479  0.50
    28       10.1223069239  2.50
    29       10.3961349659  0.50
    30       10.8227636388  2.50
    31       10.9650462994  1.50
    32       11.6555983430  2.50
    33       11.6929358696  1.50
    34       11.8098898819  0.50
    35       12.7254786308  0.50
    36       12.7544357263  1.50
    37       13.7661600608  0.50
    38       13.9962802402  2.50
    39       14.2401611848  1.50
    40       15.7307596776  0.50
    41       15.8189712691  2.50
    42       15.9050903605  1.50
    43       16.8497308017  0.50
    44       16.8917208030  2.50
    45       17.2845123699  0.50
    46       17.4391909748  2.50
    47       17.5622764506  1.50
    48       17.7212447182  0.50
    49       17.8467132141  1.50
    50       18.5706968933  1.50
    51       19.2958802765  2.50
    52       19.6590841866  0.50
    53       19.8951647720  1.50
    54       21.0189817407  2.50
    55       21.0404380367  2.50
    56       21.0866555589  0.50
    57       22.1364076594  2.50
    58       22.5994798020  0.50
    59       22.7379457645  1.50
    60       23.0854285575  0.50
    61       23.8138236676  1.50
    62       24.1561311407  1.50
    63       24.4296267585  1.50
    64       24.8146099079  0.50
    65       25.1072334270  0.50
    66       25.2581493233  2.50
    67       25.3898180608  2.50
    68       25.4884455352  0.50
    69       26.2005857324  1.50
    70       27.5932357492  2.50
    71       27.6771499363  0.50
    72       27.8181097751  1.50
    73       28.6807228800  0.50
    74       28.8658800236  2.50
    75       29.7281145548  1.50
    76       29.9780995110  1.50
    77       29.9851200585  2.50
    78       30.1278997013  0.50
    79       30.1538812227  2.50
    80       30.5429036655  0.50
    81       30.9687785798  2.50
    82       30.9795101317  1.50
    83       31.1663389999  0.50
    84       31.4382606120  0.50
    85       31.9717122329  1.50
    86       32.0107351021  2.50
    87       32.7385701650  1.50
    88       33.9318792114  0.50
    89       34.0337663955  0.50
    90       34.5423344201  1.50
    91       35.0866522336  2.50
    92       35.4092561869  1.50
    93       35.4306945277  0.50
    94       35.5831577335  2.50
    95       36.1886626761  1.50
    96       36.7973976185  2.50
    97       37.1646291443  0.50
    98       37.3830337064  2.50
    99       37.7020465850  1.50
   100       38.1649504629  1.50
